顾客编号,销售月份,销售金额,消费天数
0,201501,11.05,4
0,201504,13.6,1
1,201501,12.299999999999999,4
1,201502,30.299999999999997,3
2,201501,48.7,12
2,201502,30.0,10
3,201501,67.39,9
3,201502,360.97,17
3,201503,68.86999999999999,16
3,201504,49.28,10
4,201501,27.900000000000002,4
4,201504,154.94000000000003,14
5,201501,57.599999999999994,7
5,201503,33.5,4
5,201504,48.34,4
6,201501,23.990000000000002,3
6,201502,65.67,8
6,201503,11.5,1
6,201504,49.14,9
7,201501,138.37,6
7,201503,61.489999999999995,8
7,201504,52.07,11
8,201501,190.49,12
8,201503,111.85000000000001,11
8,201504,74.72000000000001,5
9,201501,80.4,9
10,201501,220.63000000000002,16
10,201503,117.03,11
